data =[
0.000000E0	3.356503E-4	1.654025E-3
4.166667E-3	-3.069174E-4	-5.536860E-3
8.333333E-3	-7.464077E-4	-1.549659E-2
1.250000E-2	-7.111996E-4	-2.414580E-2
1.666667E-2	-5.385906E-4	-2.430226E-2
2.083333E-2	-2.331656E-3	-4.450010E-2
2.500000E-2	-2.888465E-3	-5.491718E-2
2.916667E-2	-2.207226E-3	-5.434329E-2
3.333333E-2	-2.943137E-3	-7.491488E-2
3.750000E-2	-3.128419E-3	-8.845311E-2
4.166667E-2	-2.255948E-3	-1.017118E-1
4.583333E-2	-4.034809E-3	-1.158140E-1
5.000000E-2	-2.925675E-3	-1.298513E-1
5.416667E-2	-5.557326E-3	-1.425516E-1
5.833333E-2	-7.673521E-3	-1.573975E-1
6.250000E-2	-7.969431E-3	-1.735199E-1
6.666667E-2	-1.080917E-2	-1.902784E-1
7.083333E-2	-1.026973E-2	-2.048945E-1
7.500000E-2	-9.139734E-3	-2.224458E-1
7.916667E-2	-1.165969E-2	-2.402391E-1
8.333333E-2	-1.110762E-2	-2.401898E-1
8.750000E-2	-1.153487E-2	-2.774445E-1
9.166667E-2	-1.249357E-2	-2.963274E-1
9.583333E-2	-1.225035E-2	-3.142254E-1
1.000000E-1	-1.171168E-2	-3.338142E-1
1.041667E-1	-1.127703E-2	-3.564883E-1
1.083333E-1	-1.288254E-2	-3.774528E-1
1.125000E-1	-1.318148E-2	-3.990590E-1
1.166667E-1	-1.500536E-2	-4.215814E-1
1.208333E-1	-1.669999E-2	-4.449825E-1
1.250000E-1	-1.767118E-2	-4.674376E-1
1.291667E-1	-1.788968E-2	-4.913487E-1
1.333333E-1	-1.832981E-2	-5.150172E-1
1.375000E-1	-1.797727E-2	-5.403435E-1
1.416667E-1	-1.850949E-2	-5.677599E-1
1.458333E-1	-1.817022E-2	-5.944804E-1
1.500000E-1	-1.819054E-2	-5.951542E-1
1.541667E-1	-1.836522E-2	-6.473747E-1
1.583333E-1	-1.848824E-2	-6.752912E-1
1.625000E-1	-1.990201E-2	-7.027741E-1
1.666667E-1	-1.921006E-2	-7.316994E-1
1.708333E-1	-1.968174E-2	-7.603974E-1
1.750000E-1	-2.016327E-2	-7.891491E-1
1.791667E-1	-1.928244E-2	-8.183325E-1
1.833333E-1	-1.988330E-2	-8.495469E-1
1.875000E-1	-1.898345E-2	-8.802242E-1
1.916667E-1	-1.978385E-2	-9.120012E-1
1.958333E-1	-1.866260E-2	-9.435993E-1
2.000000E-1	-1.979946E-2	-9.759824E-1
2.041667E-1	-1.978522E-2	-1.007390E0
2.083333E-1	-1.954601E-2	-1.041533E0
2.125000E-1	-1.863259E-2	-1.077421E0
2.166667E-1	-1.870236E-2	-1.077360E0
2.208333E-1	-1.927229E-2	-1.147979E0
2.250000E-1	-1.858880E-2	-1.183891E0
2.291667E-1	-1.783032E-2	-1.219294E0
2.333333E-1	-1.669092E-2	-1.257622E0
2.375000E-1	-1.787614E-2	-1.295435E0
2.416667E-1	-1.835581E-2	-1.331540E0
2.458333E-1	-1.848274E-2	-1.369312E0
2.500000E-1	-1.809206E-2	-1.408064E0
2.541667E-1	-1.877811E-2	-1.449029E0
2.583333E-1	-1.960078E-2	-1.487067E0
2.625000E-1	-1.828560E-2	-1.527227E0
2.666667E-1	-1.913679E-2	-1.568496E0
2.708333E-1	-1.844582E-2	-1.569488E0
2.750000E-1	-2.079931E-2	-1.653062E0
2.791667E-1	-2.104417E-2	-1.695363E0
2.833333E-1	-2.076578E-2	-1.696220E0
2.875000E-1	-2.023895E-2	-1.782071E0
2.916667E-1	-2.052105E-2	-1.824381E0
2.958333E-1	-2.127730E-2	-1.867183E0
3.000000E-1	-2.125336E-2	-1.913774E0
3.041667E-1	-2.396041E-2	-1.958793E0
3.083333E-1	-2.587647E-2	-2.005039E0
3.125000E-1	-2.583216E-2	-2.050115E0
3.166667E-1	-2.623629E-2	-2.097001E0
3.208333E-1	-2.763342E-2	-2.144999E0
3.250000E-1	-2.818498E-2	-2.192970E0
3.291667E-1	-2.877361E-2	-2.239886E0
3.333333E-1	-2.933686E-2	-2.288849E0
3.375000E-1	-2.967342E-2	-2.338373E0
3.416667E-1	-2.933879E-2	-2.338962E0
3.458333E-1	-2.882076E-2	-2.439576E0
3.500000E-1	-2.995105E-2	-2.491632E0
3.541667E-1	-3.120889E-2	-2.542922E0
3.583333E-1	-3.047329E-2	-2.595225E0
3.625000E-1	-2.954461E-2	-2.646748E0
3.666667E-1	-3.013357E-2	-2.699013E0
3.708333E-1	-2.986367E-2	-2.752803E0
3.750000E-1	-2.980193E-2	-2.806397E0
3.791667E-1	-2.960217E-2	-2.860323E0
3.833333E-1	-2.943366E-2	-2.914334E0
3.875000E-1	-2.937995E-2	-2.968719E0
3.916667E-1	-2.941182E-2	-3.022335E0
3.958333E-1	-2.906536E-2	-3.077439E0
4.000000E-1	-3.035091E-2	-3.132719E0
4.041667E-1	-3.010910E-2	-3.132368E0
4.083333E-1	-2.973077E-2	-3.250086E0
4.125000E-1	-2.923318E-2	-3.251415E0
4.166667E-1	-3.015132E-2	-3.364152E0

];