data =[
0.000000E0	1.010551E-3	1.284808E-4
4.166667E-3	3.679831E-4	-7.062404E-3
8.333333E-3	-7.150715E-5	-1.702214E-2
1.250000E-2	-3.629908E-5	-2.567134E-2
1.666667E-2	1.363099E-4	-2.582780E-2
2.083333E-2	-1.656756E-3	-4.602565E-2
2.500000E-2	-2.213565E-3	-5.644272E-2
2.916667E-2	-1.532325E-3	-5.586883E-2
3.333333E-2	-2.268237E-3	-7.644042E-2
3.750000E-2	-2.453518E-3	-8.997865E-2
4.166667E-2	-1.581047E-3	-1.032373E-1
4.583333E-2	-3.359909E-3	-1.173396E-1
5.000000E-2	-2.250775E-3	-1.313769E-1
5.416667E-2	-4.882426E-3	-1.440772E-1
5.833333E-2	-6.998621E-3	-1.589230E-1
6.250000E-2	-7.294530E-3	-1.750454E-1
6.666667E-2	-1.013427E-2	-1.918040E-1
7.083333E-2	-9.594829E-3	-2.064201E-1
7.500000E-2	-8.464833E-3	-2.239714E-1
7.916667E-2	-1.098479E-2	-2.417646E-1
8.333333E-2	-1.043272E-2	-2.417154E-1
8.750000E-2	-1.085997E-2	-2.789701E-1
9.166667E-2	-1.181867E-2	-2.978529E-1
9.583333E-2	-1.157545E-2	-3.157510E-1
1.000000E-1	-1.103678E-2	-3.353397E-1
1.041667E-1	-1.060213E-2	-3.580138E-1
1.083333E-1	-1.220764E-2	-3.789783E-1
1.125000E-1	-1.250658E-2	-4.005845E-1
1.166667E-1	-1.433046E-2	-4.231069E-1
1.208333E-1	-1.602509E-2	-4.465080E-1
1.250000E-1	-1.699628E-2	-4.689631E-1
1.291667E-1	-1.721478E-2	-4.928742E-1
1.333333E-1	-1.765491E-2	-5.165428E-1
1.375000E-1	-1.730237E-2	-5.418690E-1
1.416667E-1	-1.783459E-2	-5.692855E-1
1.458333E-1	-1.749532E-2	-5.960060E-1
1.500000E-1	-1.751564E-2	-5.966798E-1
1.541667E-1	-1.769032E-2	-6.489003E-1
1.583333E-1	-1.781334E-2	-6.768167E-1
1.625000E-1	-1.922711E-2	-7.042996E-1
1.666667E-1	-1.853516E-2	-7.332249E-1
1.708333E-1	-1.900684E-2	-7.619229E-1
1.750000E-1	-1.948837E-2	-7.906746E-1
1.791667E-1	-1.860754E-2	-8.198580E-1
1.833333E-1	-1.920840E-2	-8.510725E-1
1.875000E-1	-1.830855E-2	-8.817497E-1
1.916667E-1	-1.910895E-2	-9.135268E-1
1.958333E-1	-1.798770E-2	-9.451248E-1
2.000000E-1	-1.912456E-2	-9.775079E-1
2.041667E-1	-1.911032E-2	-1.008915E0
2.083333E-1	-1.887111E-2	-1.043059E0
2.125000E-1	-1.795769E-2	-1.078947E0
2.166667E-1	-1.802746E-2	-1.078885E0
2.208333E-1	-1.859739E-2	-1.149505E0
2.250000E-1	-1.791390E-2	-1.185417E0
2.291667E-1	-1.715542E-2	-1.220819E0
2.333333E-1	-1.601602E-2	-1.259147E0
2.375000E-1	-1.720124E-2	-1.296961E0
2.416667E-1	-1.768091E-2	-1.333065E0
2.458333E-1	-1.780784E-2	-1.370838E0
2.500000E-1	-1.741716E-2	-1.409590E0
2.541667E-1	-1.810321E-2	-1.450554E0
2.583333E-1	-1.892588E-2	-1.488592E0
2.625000E-1	-1.761070E-2	-1.528752E0
2.666667E-1	-1.846189E-2	-1.570022E0
2.708333E-1	-1.777092E-2	-1.571014E0
2.750000E-1	-2.012441E-2	-1.654588E0
2.791667E-1	-2.036927E-2	-1.696889E0
2.833333E-1	-2.009088E-2	-1.697746E0
2.875000E-1	-1.956405E-2	-1.783597E0
2.916667E-1	-1.984615E-2	-1.825907E0
2.958333E-1	-2.060240E-2	-1.868708E0
3.000000E-1	-2.057846E-2	-1.915300E0
3.041667E-1	-2.328551E-2	-1.960319E0
3.083333E-1	-2.520157E-2	-2.006565E0
3.125000E-1	-2.515726E-2	-2.051641E0
3.166667E-1	-2.556139E-2	-2.098526E0
3.208333E-1	-2.695852E-2	-2.146525E0
3.250000E-1	-2.751008E-2	-2.194496E0
3.291667E-1	-2.809871E-2	-2.241412E0
3.333333E-1	-2.866196E-2	-2.290374E0
3.375000E-1	-2.899852E-2	-2.339899E0
3.416667E-1	-2.866389E-2	-2.340488E0
3.458333E-1	-2.814586E-2	-2.441102E0
3.500000E-1	-2.927615E-2	-2.493158E0
3.541667E-1	-3.053399E-2	-2.544447E0
3.583333E-1	-2.979839E-2	-2.596751E0
3.625000E-1	-2.886971E-2	-2.648273E0
3.666667E-1	-2.945867E-2	-2.700538E0
3.708333E-1	-2.918877E-2	-2.754328E0
3.750000E-1	-2.912703E-2	-2.807922E0
3.791667E-1	-2.892727E-2	-2.861849E0
3.833333E-1	-2.875876E-2	-2.915859E0
3.875000E-1	-2.870505E-2	-2.970245E0
3.916667E-1	-2.873692E-2	-3.023861E0
3.958333E-1	-2.839045E-2	-3.078964E0
4.000000E-1	-2.967601E-2	-3.134245E0
4.041667E-1	-2.943420E-2	-3.133893E0
4.083333E-1	-2.905587E-2	-3.251611E0
4.125000E-1	-2.855828E-2	-3.252941E0
4.166667E-1	-2.947642E-2	-3.365678E0

];