data =[
0.000000E0	-3.257166E-4	-7.207346E-4
4.166667E-3	3.262472E-2	3.604223E-2
8.333333E-3	6.036640E-2	6.550910E-2
1.250000E-2	9.263382E-2	9.451987E-2
1.666667E-2	1.263010E-1	1.297686E-1
2.083333E-2	1.539006E-1	1.585807E-1
2.500000E-2	1.533760E-1	1.589163E-1
2.916667E-2	2.164642E-1	2.185986E-1
3.333333E-2	2.447318E-1	2.464053E-1
3.750000E-2	2.739677E-1	2.785013E-1
4.166667E-2	3.042696E-1	3.042180E-1
4.583333E-2	3.345426E-1	3.278511E-1
5.000000E-2	3.641812E-1	3.582224E-1
5.416667E-2	3.948145E-1	3.826477E-1
5.833333E-2	4.258501E-1	4.113476E-1
6.250000E-2	4.590860E-1	4.328587E-1
6.666667E-2	4.839183E-1	4.567154E-1
7.083333E-2	5.145489E-1	4.837635E-1
7.500000E-2	5.481623E-1	5.048109E-1
7.916667E-2	5.744972E-1	5.263516E-1
8.333333E-2	6.081305E-1	5.514023E-1
8.750000E-2	6.352148E-1	5.714670E-1
9.166667E-2	6.350874E-1	5.714427E-1
9.583333E-2	6.969986E-1	6.139869E-1
1.000000E-1	7.257794E-1	6.327935E-1
1.041667E-1	7.535441E-1	6.505636E-1
1.083333E-1	7.835338E-1	6.712707E-1
1.125000E-1	8.145231E-1	6.871776E-1
1.166667E-1	8.446510E-1	7.065992E-1
1.208333E-1	8.766130E-1	7.217295E-1
1.250000E-1	9.078991E-1	7.399086E-1
1.291667E-1	9.333798E-1	7.514013E-1
1.333333E-1	9.642965E-1	7.674669E-1
1.375000E-1	9.905370E-1	7.801913E-1
1.416667E-1	1.023754E0	7.953253E-1
1.458333E-1	1.052274E0	8.060793E-1
1.500000E-1	1.052795E0	8.054999E-1
1.541667E-1	1.114840E0	8.296099E-1
1.583333E-1	1.115188E0	8.300678E-1
1.625000E-1	1.171284E0	8.494267E-1
1.666667E-1	1.200661E0	8.581507E-1
1.708333E-1	1.229387E0	8.685012E-1
1.750000E-1	1.259740E0	8.756580E-1
1.791667E-1	1.288726E0	8.835178E-1
1.833333E-1	1.318728E0	8.926706E-1
1.875000E-1	1.349490E0	8.994661E-1
1.916667E-1	1.373144E0	9.056535E-1
1.958333E-1	1.405780E0	9.096918E-1
2.000000E-1	1.430423E0	9.142320E-1
2.041667E-1	1.460740E0	9.175450E-1
2.083333E-1	1.486065E0	9.216396E-1
2.125000E-1	1.516282E0	9.268917E-1
2.166667E-1	1.516822E0	9.275990E-1
2.208333E-1	1.571372E0	9.313374E-1
2.250000E-1	1.599101E0	9.318764E-1
2.291667E-1	1.626937E0	9.323819E-1
2.333333E-1	1.655108E0	9.309965E-1
2.375000E-1	1.680790E0	9.306875E-1
2.416667E-1	1.710455E0	9.291712E-1
2.458333E-1	1.737570E0	9.280845E-1
2.500000E-1	1.765254E0	9.281781E-1
2.541667E-1	1.794418E0	9.254027E-1
2.583333E-1	1.821261E0	9.228494E-1
2.625000E-1	1.850093E0	9.188768E-1
2.666667E-1	1.875455E0	9.136223E-1
2.708333E-1	1.905873E0	9.088073E-1
2.750000E-1	1.931202E0	9.042505E-1
2.791667E-1	1.930969E0	9.039250E-1
2.833333E-1	1.989072E0	8.928222E-1
2.875000E-1	2.016779E0	8.863541E-1
2.916667E-1	2.044646E0	8.781694E-1
2.958333E-1	2.070778E0	8.680154E-1
3.000000E-1	2.099766E0	8.582164E-1
3.041667E-1	2.126863E0	8.483291E-1
3.083333E-1	2.153591E0	8.388462E-1
3.125000E-1	2.181912E0	8.288784E-1
3.166667E-1	2.207352E0	8.167092E-1
3.208333E-1	2.234623E0	8.036634E-1
3.250000E-1	2.261347E0	7.918593E-1
3.291667E-1	2.287990E0	7.788355E-1
3.333333E-1	2.316332E0	7.658642E-1
3.375000E-1	2.342208E0	7.514322E-1
3.416667E-1	2.342119E0	7.514424E-1
3.458333E-1	2.395450E0	7.203898E-1
3.500000E-1	2.421659E0	7.046752E-1
3.541667E-1	2.448356E0	6.880139E-1
3.583333E-1	2.476272E0	6.708737E-1
3.625000E-1	2.502037E0	6.521842E-1
3.666667E-1	2.527915E0	6.346008E-1
3.708333E-1	2.555037E0	6.156812E-1
3.750000E-1	2.580487E0	5.963215E-1
3.791667E-1	2.604759E0	5.778331E-1
3.833333E-1	2.633465E0	5.577396E-1
3.875000E-1	2.659758E0	5.345705E-1
3.916667E-1	2.686793E0	5.126180E-1
3.958333E-1	2.712535E0	4.904542E-1
4.000000E-1	2.740606E0	4.676533E-1
4.041667E-1	2.741189E0	4.671516E-1
4.083333E-1	2.793847E0	4.201869E-1
4.125000E-1	2.819318E0	3.936157E-1
4.166667E-1	2.844971E0	3.685091E-1
4.208333E-1	2.868802E0	3.432742E-1
4.250000E-1	2.893605E0	3.157084E-1
4.291667E-1	2.918280E0	2.874329E-1
4.333333E-1	2.948106E0	2.599009E-1
4.375000E-1	2.973294E0	2.325091E-1
4.416667E-1	2.996043E0	2.025012E-1
4.458333E-1	3.020638E0	1.732597E-1
4.500000E-1	3.045901E0	1.437073E-1
4.541667E-1	3.071190E0	1.126918E-1
4.583333E-1	3.095894E0	8.258232E-2
4.625000E-1	3.120601E0	5.080214E-2
4.666667E-1	3.145311E0	1.866240E-2
4.708333E-1	3.145017E0	1.862652E-2
4.750000E-1	3.194194E0	-4.738274E-2
4.791667E-1	3.192959E0	-4.650790E-2
4.833333E-1	3.244101E0	-1.137861E-1
4.875000E-1	3.268547E0	-1.492091E-1
4.916667E-1	3.292488E0	-1.850861E-1
4.958333E-1	3.317167E0	-2.210984E-1
5.000000E-1	3.340800E0	-2.572599E-1
5.041667E-1	3.365409E0	-2.946528E-1
5.083333E-1	3.390741E0	-3.372347E-1
5.125000E-1	3.414387E0	-3.699994E-1
5.166667E-1	3.439072E0	-4.113249E-1
5.208333E-1	3.463304E0	-4.494302E-1
5.250000E-1	3.486912E0	-4.904214E-1
5.291667E-1	3.509367E0	-5.287812E-1
5.333333E-1	3.535171E0	-5.701176E-1
5.375000E-1	3.535800E0	-5.705622E-1
5.416667E-1	3.585580E0	-6.545963E-1
5.458333E-1	3.608184E0	-6.967741E-1
5.500000E-1	3.631071E0	-7.395088E-1
5.541667E-1	3.656406E0	-7.852120E-1
5.583333E-1	3.679719E0	-8.288152E-1
5.625000E-1	3.704271E0	-8.736447E-1
5.666667E-1	3.727955E0	-9.178080E-1
5.708333E-1	3.749960E0	-9.652350E-1
5.750000E-1	3.771087E0	-1.009913E0
5.791667E-1	3.793075E0	-1.056410E0
5.833333E-1	3.820112E0	-1.104911E0
5.875000E-1	3.842150E0	-1.153636E0
5.916667E-1	3.861120E0	-1.199755E0
5.958333E-1	3.881016E0	-1.244788E0
6.000000E-1	3.880284E0	-1.243816E0
6.041667E-1	3.925065E0	-1.339023E0
6.083333E-1	3.947860E0	-1.391477E0
6.125000E-1	3.967416E0	-1.443709E0
6.166667E-1	3.984890E0	-1.475518E0
6.208333E-1	4.017453E0	-1.530619E0
6.250000E-1	4.036697E0	-1.594148E0
6.291667E-1	4.054924E0	-1.646854E0
6.333333E-1	4.076758E0	-1.699035E0
6.375000E-1	4.097615E0	-1.750111E0
6.416667E-1	4.120804E0	-1.802517E0
6.458333E-1	4.139182E0	-1.859043E0
];