data =[
0.000000E0	1.802921E-3	-1.138124E-3
4.166667E-3	5.834975E-2	7.405812E-2
8.333333E-3	8.904594E-2	1.113601E-1
1.250000E-2	1.181953E-1	1.498600E-1
1.666667E-2	1.467539E-1	1.851703E-1
2.083333E-2	1.756068E-1	2.218354E-1
2.500000E-2	2.036799E-1	2.571265E-1
2.916667E-2	2.329017E-1	2.939373E-1
3.333333E-2	2.644149E-1	3.277603E-1
3.750000E-2	2.930612E-1	3.632665E-1
4.166667E-2	3.204170E-1	3.970266E-1
4.583333E-2	3.495271E-1	4.299519E-1
5.000000E-2	3.799526E-1	4.606598E-1
5.416667E-2	4.104185E-1	4.911628E-1
5.833333E-2	4.374713E-1	5.230926E-1
6.250000E-2	4.670038E-1	5.523747E-1
6.666667E-2	4.675799E-1	5.530828E-1
7.083333E-2	5.262105E-1	6.127106E-1
7.500000E-2	5.552641E-1	6.407235E-1
7.916667E-2	5.856540E-1	6.674507E-1
8.333333E-2	6.149471E-1	6.948519E-1
8.750000E-2	6.440213E-1	7.210543E-1
9.166667E-2	6.730728E-1	7.483720E-1
9.583333E-2	7.036590E-1	7.733584E-1
1.000000E-1	7.332950E-1	7.986635E-1
1.041667E-1	7.614627E-1	8.229755E-1
1.083333E-1	7.922114E-1	8.475510E-1
1.125000E-1	8.225746E-1	8.710157E-1
1.166667E-1	8.518534E-1	8.934785E-1
1.208333E-1	8.816897E-1	9.172436E-1
1.250000E-1	8.819357E-1	9.167959E-1
1.291667E-1	9.413431E-1	9.599663E-1
1.333333E-1	9.720760E-1	9.797613E-1
1.375000E-1	1.000786E0	1.000515E0
1.416667E-1	1.031946E0	1.019856E0
1.458333E-1	1.061719E0	1.038250E0
1.500000E-1	1.090993E0	1.056694E0
1.541667E-1	1.119311E0	1.075050E0
1.583333E-1	1.148006E0	1.094005E0
1.625000E-1	1.177985E0	1.110912E0
1.666667E-1	1.208237E0	1.127121E0
1.708333E-1	1.235636E0	1.142786E0
1.750000E-1	1.264847E0	1.156089E0
1.791667E-1	1.293076E0	1.171427E0
1.833333E-1	1.324178E0	1.183752E0
1.875000E-1	1.323828E0	1.184368E0
1.916667E-1	1.381720E0	1.209771E0
1.958333E-1	1.382265E0	1.210903E0
2.000000E-1	1.440196E0	1.233600E0
2.041667E-1	1.470136E0	1.243886E0
2.083333E-1	1.497276E0	1.254088E0
2.125000E-1	1.526888E0	1.264894E0
2.166667E-1	1.556725E0	1.273673E0
2.208333E-1	1.586382E0	1.282210E0
2.250000E-1	1.614442E0	1.289904E0
2.291667E-1	1.640832E0	1.297019E0
2.333333E-1	1.669648E0	1.303898E0
2.375000E-1	1.700050E0	1.309585E0
2.416667E-1	1.730038E0	1.314631E0
2.458333E-1	1.757990E0	1.319105E0
2.500000E-1	1.785477E0	1.323183E0
2.541667E-1	1.814861E0	1.327761E0
2.583333E-1	1.815960E0	1.327803E0
2.625000E-1	1.872364E0	1.331618E0
2.666667E-1	1.901098E0	1.332939E0
2.708333E-1	1.928927E0	1.332866E0
2.750000E-1	1.958672E0	1.333517E0
2.791667E-1	1.988070E0	1.335162E0
2.833333E-1	2.017231E0	1.335628E0
2.875000E-1	2.045524E0	1.335668E0
2.916667E-1	2.072682E0	1.333823E0
2.958333E-1	2.100978E0	1.333049E0
3.000000E-1	2.132060E0	1.329367E0
3.041667E-1	2.161278E0	1.326560E0
3.083333E-1	2.188396E0	1.322273E0
3.125000E-1	2.216299E0	1.318299E0
3.166667E-1	2.243536E0	1.313505E0
3.208333E-1	2.243099E0	1.312701E0
3.250000E-1	2.301596E0	1.300918E0
3.291667E-1	2.329733E0	1.293835E0
3.333333E-1	2.330023E0	1.293623E0
3.375000E-1	2.386946E0	1.276790E0
3.416667E-1	2.414420E0	1.269369E0
3.458333E-1	2.441403E0	1.259146E0
3.500000E-1	2.470082E0	1.249745E0
3.541667E-1	2.498374E0	1.238243E0
3.583333E-1	2.528780E0	1.227209E0
3.625000E-1	2.556411E0	1.216970E0
3.666667E-1	2.583440E0	1.205481E0
3.708333E-1	2.611109E0	1.191759E0
3.750000E-1	2.638131E0	1.180218E0
3.791667E-1	2.665421E0	1.165188E0
3.833333E-1	2.692437E0	1.150612E0
3.875000E-1	2.719756E0	1.135140E0
3.916667E-1	2.719181E0	1.134479E0
3.958333E-1	2.773519E0	1.103206E0
4.000000E-1	2.800779E0	1.086918E0
4.041667E-1	2.827310E0	1.069201E0
4.083333E-1	2.854602E0	1.051563E0
4.125000E-1	2.881139E0	1.033245E0
4.166667E-1	2.907944E0	1.014506E0
4.208333E-1	2.934803E0	9.947916E-1
4.250000E-1	2.962149E0	9.750316E-1
4.291667E-1	2.988909E0	9.562411E-1
4.333333E-1	3.015872E0	9.357413E-1
4.375000E-1	3.042866E0	9.123615E-1
4.416667E-1	3.069998E0	8.911707E-1
4.458333E-1	3.096303E0	8.678060E-1
4.500000E-1	3.096178E0	8.684174E-1
4.541667E-1	3.150214E0	8.226500E-1
4.583333E-1	3.177202E0	7.996221E-1
4.625000E-1	3.203800E0	7.753200E-1
4.666667E-1	3.231526E0	7.492379E-1
4.708333E-1	3.257231E0	7.236360E-1
4.750000E-1	3.284848E0	6.981402E-1
4.791667E-1	3.310939E0	6.716799E-1
4.833333E-1	3.337846E0	6.441853E-1
4.875000E-1	3.363429E0	6.176610E-1
4.916667E-1	3.391167E0	5.888863E-1
4.958333E-1	3.417690E0	5.600847E-1
5.000000E-1	3.443938E0	5.309198E-1
5.041667E-1	3.471171E0	4.994382E-1
5.083333E-1	3.497335E0	4.706457E-1
5.125000E-1	3.497825E0	4.698153E-1
5.166667E-1	3.550149E0	4.072167E-1
5.208333E-1	3.577002E0	3.741075E-1
5.250000E-1	3.603235E0	3.425434E-1
5.291667E-1	3.630201E0	3.084291E-1
5.333333E-1	3.658242E0	2.746604E-1
5.375000E-1	3.683149E0	2.436115E-1
5.416667E-1	3.710010E0	2.089298E-1
5.458333E-1	3.737354E0	1.732611E-1
5.500000E-1	3.762844E0	1.379077E-1
5.541667E-1	3.789891E0	1.025297E-1
5.583333E-1	3.815603E0	6.577846E-2
5.625000E-1	3.841177E0	2.889605E-2
5.666667E-1	3.865741E0	-9.202933E-3
5.708333E-1	3.892631E0	-4.618532E-2
5.750000E-1	3.918119E0	-8.518627E-2
5.791667E-1	3.918924E0	-8.416852E-2
5.833333E-1	3.971168E0	-1.609174E-1
5.875000E-1	3.997560E0	-2.026512E-1
5.916667E-1	4.025128E0	-2.408448E-1
5.958333E-1	4.050825E0	-2.825868E-1
6.000000E-1	4.077168E0	-3.236706E-1
6.041667E-1	4.101937E0	-3.666982E-1
6.083333E-1	4.130082E0	-4.086042E-1
6.125000E-1	4.154223E0	-4.497563E-1
6.166667E-1	4.185870E0	-4.927447E-1
6.208333E-1	4.206235E0	-5.371669E-1
6.250000E-1	4.229743E0	-5.804672E-1
6.291667E-1	4.256899E0	-6.245047E-1
6.333333E-1	4.279945E0	-6.698693E-1
6.375000E-1	4.304275E0	-7.125930E-1
6.416667E-1	4.331355E0	-7.613546E-1
6.458333E-1	4.332130E0	-7.622283E-1
6.500000E-1	4.382748E0	-8.553510E-1
6.541667E-1	4.405258E0	-9.017909E-1
6.583333E-1	4.428279E0	-9.481754E-1
6.625000E-1	4.455202E0	-9.957731E-1
6.666667E-1	4.478618E0	-1.044752E0
6.708333E-1	4.499977E0	-1.090159E0
6.750000E-1	4.526773E0	-1.141673E0
6.791667E-1	4.552466E0	-1.191914E0
6.833333E-1	4.574788E0	-1.243300E0
6.875000E-1	4.598909E0	-1.292963E0
6.916667E-1	4.619686E0	-1.343648E0
6.958333E-1	4.643967E0	-1.394243E0
7.000000E-1	4.644353E0	-1.394789E0
7.041667E-1	4.690901E0	-1.496615E0
7.083333E-1	4.715204E0	-1.548035E0
7.125000E-1	4.742900E0	-1.601494E0
7.166667E-1	4.766265E0	-1.653706E0
7.208333E-1	4.788511E0	-1.709444E0
7.250000E-1	4.814204E0	-1.764957E0
];