data =[
0.000000E0	-4.315362E-4	-4.176157E-4
4.166667E-3	1.763148E-5	-8.597270E-3
8.333333E-3	-2.246812E-4	-1.599042E-2
1.250000E-2	-1.707695E-4	-1.668516E-2
1.666667E-2	-1.378971E-4	-3.687713E-2
2.083333E-2	1.020184E-3	-5.147128E-2
2.500000E-2	7.431789E-4	-5.248980E-2
2.916667E-2	1.205278E-3	-7.275739E-2
3.333333E-2	1.832365E-3	-8.248825E-2
3.750000E-2	1.035106E-3	-9.299951E-2
4.166667E-2	1.876222E-3	-1.075394E-1
4.583333E-2	8.236525E-4	-1.188654E-1
5.000000E-2	-1.118415E-3	-1.323111E-1
5.416667E-2	3.641115E-4	-1.469330E-1
5.833333E-2	2.754919E-3	-1.628559E-1
6.250000E-2	2.870435E-4	-1.780885E-1
6.666667E-2	1.522177E-3	-1.920248E-1
7.083333E-2	2.343137E-3	-2.088142E-1
7.500000E-2	3.153854E-3	-2.261906E-1
7.916667E-2	3.272186E-3	-2.450199E-1
8.333333E-2	-4.477792E-4	-2.625429E-1
8.750000E-2	1.177178E-3	-2.767446E-1
9.166667E-2	1.068660E-3	-2.944792E-1
9.583333E-2	1.217147E-3	-3.127015E-1
1.000000E-1	1.523979E-3	-3.325263E-1
1.041667E-1	1.318048E-3	-3.523490E-1
1.083333E-1	6.439858E-4	-3.726016E-1
1.125000E-1	2.904204E-3	-3.926185E-1
1.166667E-1	2.184442E-3	-4.144202E-1
1.208333E-1	1.548371E-3	-4.374959E-1
1.250000E-1	2.846596E-3	-4.589366E-1
1.291667E-1	2.999633E-3	-4.813685E-1
1.333333E-1	2.771607E-3	-4.804920E-1
1.375000E-1	2.558466E-3	-5.282263E-1
1.416667E-1	2.956322E-3	-5.517814E-1
1.458333E-1	2.780593E-3	-5.520082E-1
1.500000E-1	2.779273E-3	-6.030365E-1
1.541667E-1	2.703653E-3	-6.261769E-1
1.583333E-1	3.406776E-3	-6.535096E-1
1.625000E-1	3.456779E-3	-6.826394E-1
1.666667E-1	3.508200E-3	-7.084152E-1
1.708333E-1	3.329413E-3	-7.362157E-1
1.750000E-1	3.202217E-3	-7.645206E-1
1.791667E-1	3.783317E-3	-7.925843E-1
1.833333E-1	3.497206E-3	-8.223358E-1
1.875000E-1	3.977722E-3	-8.528346E-1
1.916667E-1	3.490304E-3	-8.833068E-1
1.958333E-1	3.530678E-3	-9.127872E-1
2.000000E-1	2.638498E-3	-9.438483E-1
2.041667E-1	3.293594E-3	-9.743970E-1
2.083333E-1	2.794495E-3	-9.749973E-1
2.125000E-1	2.673309E-3	-1.040852E0
2.166667E-1	2.780094E-3	-1.073614E0
2.208333E-1	2.366002E-3	-1.106557E0
2.250000E-1	3.989917E-3	-1.140199E0
2.291667E-1	2.952534E-3	-1.176218E0
2.333333E-1	3.267320E-3	-1.211560E0
2.375000E-1	2.925982E-3	-1.244095E0
2.416667E-1	2.891220E-3	-1.282201E0
2.458333E-1	2.760746E-3	-1.319054E0
2.500000E-1	2.375957E-3	-1.353161E0
2.541667E-1	2.100585E-3	-1.391273E0
2.583333E-1	1.963403E-3	-1.427785E0
2.625000E-1	2.519825E-3	-1.465630E0
2.666667E-1	1.620868E-3	-1.502945E0
2.708333E-1	1.519136E-3	-1.502799E0
2.750000E-1	2.062569E-3	-1.583377E0
2.791667E-1	1.784466E-3	-1.583542E0
2.833333E-1	7.531894E-4	-1.660345E0
2.875000E-1	1.497025E-3	-1.699862E0
2.916667E-1	1.646238E-3	-1.738460E0
2.958333E-1	6.403389E-4	-1.783492E0
3.000000E-1	2.384950E-3	-1.823019E0
3.041667E-1	2.101888E-3	-1.864625E0
3.083333E-1	1.776088E-3	-1.904333E0
3.125000E-1	2.149002E-3	-1.949300E0
3.166667E-1	1.800369E-3	-1.993138E0
3.208333E-1	1.729180E-3	-2.034685E0
3.250000E-1	1.725346E-3	-2.079602E0
3.291667E-1	1.127943E-3	-2.123702E0
3.333333E-1	8.521797E-4	-2.166945E0
3.375000E-1	9.073759E-4	-2.166580E0
3.416667E-1	7.104140E-4	-2.258402E0
3.458333E-1	2.873666E-4	-2.301885E0
3.500000E-1	6.031089E-4	-2.345922E0
3.541667E-1	1.035556E-3	-2.392543E0
3.583333E-1	1.703058E-3	-2.441820E0
3.625000E-1	1.096550E-3	-2.490757E0
3.666667E-1	3.045594E-3	-2.533696E0
3.708333E-1	1.996962E-4	-2.582715E0
3.750000E-1	6.371725E-4	-2.630867E0
3.791667E-1	1.120235E-3	-2.679750E0
3.833333E-1	1.446800E-3	-2.726071E0
3.875000E-1	1.661388E-3	-2.777064E0
3.916667E-1	1.819583E-3	-2.824772E0
3.958333E-1	1.242527E-3	-2.875069E0
4.000000E-1	1.771624E-3	-2.875775E0
4.041667E-1	5.344206E-4	-2.974448E0
4.083333E-1	1.160035E-3	-3.024487E0
4.125000E-1	1.373259E-3	-3.076462E0
4.166667E-1	1.040335E-3	-3.129409E0
4.208333E-1	1.761029E-3	-3.179945E0
4.250000E-1	1.640251E-3	-3.233078E0
4.291667E-1	2.745781E-3	-3.284928E0
4.333333E-1	3.402871E-3	-3.336782E0
4.375000E-1	6.338586E-3	-3.388422E0
4.416667E-1	1.135861E-2	-3.446700E0
4.458333E-1	5.811095E-3	-3.500934E0
4.500000E-1	4.340425E-3	-3.548327E0
4.541667E-1	6.109538E-3	-3.601814E0
];